4294967278,108
4294967278,107
4294967278,223
4294967278,106
4294967278,221
4294967278,105
4294967278,104
4294967278,217
4294967278,103
4294967278,102
4294967278,101
4294967278,100
4294967278,99
4294967278,98
4294967278,97
4294967278,96
4294967278,95
4294967278,94
4294967278,93
4294967278,92
4294967278,91
4294967278,90
4294967278,89
4294967278,87
4294967278,86
4294967278,85
4294967278,84
4294967278,83
4294967278,82
4294967278,81
4294967278,80
4294967278,79
4294967278,78
4294967278,77
4294967278,76
4294967278,75
4294967278,74
4294967278,73
4294967278,72
4294967278,71
4294967278,70
4294967278,69
4294967278,68
4294967278,67
4294967278,66
4294967278,65
4294967278,64
4294967278,63
4294967278,62
4294967278,61
4294967278,60
4294967278,59
4294967278,58
4294967278,57
4294967278,56
4294967278,55
4294967278,54
4294967278,53
4294967278,52
4294967278,51
4294967278,50
4294967278,49
4294967278,48
4294967278,47
4294967278,46
4294967278,45
4294967278,44
4294967278,43
4294967278,42
4294967278,41
4294967278,40
4294967278,39
4294967278,38
4294967278,37
4294967278,36
4294967278,35
4294967278,34
4294967278,33
4294967278,32
4294967278,31
4294967278,30
4294967278,29
4294967278,28
4294967278,27
4294967278,26
4294967278,25
4294967278,24
4294967278,23
4294967278,22
4294967278,21
4294967278,20
4294967278,19
4294967278,18
4294967278,17
4294967278,16
4294967278,15
4294967278,14
4294967278,13
4294967278,12
4294967278,11
4294967278,10
4294967278,9
4294967279,313
4294967278,317
4294967279,312
4294967278,316
4294967279,311
4294967279,310
4294967278,315
4294967279,309
4294967278,251
4294967278,249
4294967294,444
4294967279,245
4294967278,244
4243767290,0
4294967278,314
4294967294,388
4294967279,243
4294967278,241
4294967279,240
4294967278,239
4294967279,237
4294967278,237
4294967279,236
4294967279,238
4294967278,236
4294967278,313
4294967279,235
4294967278,234
4294967279,231
4294967279,225
15,6
4294967279,229
15,5
15,4
4294967279,227
15,3
15,2
15,1
4294967279,226
4294967279,224
4294967294,395
4294967294,396
4294967294,413
4294967294,178
4294967294,407
4294967294,385
4294967294,945
4294967294,384
4294967294,905
4294967294,168
4294967294,418
4294967294,108
4294967294,116
4294967294,114
4294967279,222
4294967279,220
4294967279,217
4294967279,215
4294967279,216
4294967279,308
4294967278,312
4294967279,307
4294967279,306
4294967278,311
4294967279,211
14,4
14,3
14,2
14,1
4294967278,310
4294967279,210
4294967278,309
4294967279,305
4294967278,308
4294967279,304
4294967278,307
4294967279,206
4294967279,205
4294967279,303
4294967278,306
4294967279,204
4294967279,202
13,5
4294967279,201
13,4
13,3
13,2
13,1
4294967278,305
4294967279,200
4294967279,302
4294967278,304
4294967278,303
4294967294,112
4294967279,301
4294967278,302
4294967279,300
4294967278,301
4294967294,89
4294967279,195
4294967279,194
4294967279,299
4294967278,300
4294967279,193
4294967279,191
12,5
4294967279,190
12,4
12,3
12,2
12,1
4294967278,299
4294967279,189
4294967278,298
4294967294,901
4294967294,186
4294967294,1414
4294967294,120
4294967279,187
4294967278,297
4294967279,298
4294967278,296
4294967279,184
4294967279,183
4294967279,182
4294967279,181
4294967278,295
4294967279,180
4294967279,297
4294967279,296
4294967278,294
4294967279,295
4294967279,173
4294967279,172
4294967279,170
4294967279,171
4294967279,294
4294967279,293
4294967294,393
4294967294,392
4294967294,389
4294967294,115
4294967279,292
4294967278,293
4294967279,291
4294967279,165
4294967294,9
4294967279,164
4294967279,163
4294967278,292
4294967279,162
4294967278,291
4294967294,1413
4294967294,1412
4294967279,160
4294967278,290
4294967279,290
4294967278,289
4294967279,157
4294967279,155
8,5
4294967279,154
8,3
8,2
8,1
4294967278,288
4294967279,153
4294967278,120
4294967278,119
4294967278,117
4294967278,116
4294967278,114
4294967278,113
4294967278,112
4294967278,8
4294967278,7
4294967278,6
4294967278,5
4294967278,4
